0	143
1	57
2	457
3	266
4	260
5	1068
6	310
6	456
7	216
8	456
9	158
9	1264
10	1037
11	124
12	1438
13	216
14	730
14	1501
15	1236
16	227
16	896
17	158
18	226
18	662
18	1501
19	124
20	1236
21	46
22	46
23	158
24	226
25	649
25	776
25	844
25	909
25	1002
25	1250
26	2
27	995
28	370
28	649
28	844
28	909
28	1250
28	1326
29	349
29	370
29	762
29	777
29	1250
29	1291
30	227
31	263
32	995
33	124
34	80
35	1505
36	1201
37	158
38	19
39	80
40	1446
41	124
42	2
43	1312
44	1421
45	166
46	136
47	158
47	1263
48	268
48	1202
49	2
50	166
51	758
52	1454
53	68
54	927
55	4
56	80
57	166
58	1076
59	80
60	1493
61	174
62	264
63	4
64	46
65	230
66	264
67	158
68	1505
69	520
70	1375
71	80
72	1162
73	311
74	659
75	520
76	807
77	174
78	80
79	4
80	1
81	227
82	174
83	697
83	844
83	1002
84	1007
85	178
86	1226
87	80
88	2
89	1480
90	1375
91	1340
92	3
93	2
94	46
95	137
96	182
97	1037
98	19
99	230
100	4
101	1
102	3
103	0
104	0
105	1007
106	80
107	454
108	4
109	1201
110	1505
111	1238
112	5
113	158
114	80
115	48
116	80
117	1
118	314
119	1386
120	268
121	3
122	142
123	946
124	1262
125	314
126	5
127	697
127	1002
127	1232
128	1248
128	1493
129	4
130	1516
131	916
132	212
132	335
133	19
134	3
135	241
135	1026
135	1160
135	1478
135	1524
136	46
137	150
138	4
139	1107
140	48
141	83
142	36
143	1
144	2
145	230
146	68
147	3
148	1516
149	1386
150	314
151	490
152	48
153	142
154	697
154	762
154	1232
155	4
156	759
157	959
158	2
159	1377
160	226
161	180
162	142
163	627
164	1198
165	19
166	48
167	70
168	1493
169	1516
170	212
171	1025
172	87
173	536
174	5
175	264
176	0
177	189
178	36
179	1184
180	166
180	822
180	1044
180	1175
180	1395
181	1259
182	83
183	189
184	314
185	1199
186	856
187	1057
188	700
189	1183
190	1510
191	767
192	1280
193	1227
194	142
195	34
196	218
197	70
198	759
199	162
200	524
201	1304
202	826
203	768
204	830
205	192
206	1232
207	1199
208	1216
209	830
210	1184
211	237
212	31
213	1297
214	20
215	659
215	680
215	1027
216	1105
217	1010
218	907
218	1377
219	3
220	759
221	1340
222	1402
223	856
224	152
225	800
226	180
227	94
228	116
229	1278
230	192
231	504
231	983
232	1289
233	161
234	232
235	36
236	946
237	118
238	192
239	37
240	194
241	983
242	322
243	1127
244	212
245	0
246	20
247	61
248	946
249	264
250	199
251	519
252	759
253	31
254	1199
255	24
256	116
257	1297
258	762
258	1232
259	182
260	162
261	112
262	38
263	1
264	34
265	70
266	37
267	1490
268	37
269	759
270	170
271	182
272	142
273	1290
274	747
275	34
276	212
277	3
278	103
279	182
280	149
281	215
282	1325
283	856
284	191
285	1347
286	190
287	11
288	640
289	359
290	240
291	1089
292	182
293	142
294	98
295	24
296	33
297	25
298	992
298	1232
298	1326
299	992
299	1232
299	1374
300	100
301	162
302	1128
303	700
304	20
305	167
306	61
307	747
308	126
309	640
310	66
311	56
312	140
313	281
314	816
314	1258
315	856
316	25
317	232
318	37
319	94
320	1130
321	450
322	1340
323	149
324	298
325	108
326	170
327	275
328	700
329	674
330	161
331	212
332	163
333	1519
334	792
335	82
335	219
335	1530
336	913
337	56
338	72
339	120
340	21
341	901
342	1402
343	800
344	771
345	4
346	73
347	31
348	24
349	3
350	193
351	140
351	959
352	47
353	56
354	727
355	173
356	69
357	1128
358	818
359	568
360	1069
361	11
362	118
363	709
364	407
364	762
364	1232
364	1241
364	1374
365	215
366	275
367	379
368	167
369	25
370	1233
371	63
372	166
373	163
374	656
375	166
376	542
377	76
378	200
379	0
380	236
381	928
382	161
383	33
384	418
385	50
386	66
387	515
388	427
389	190
390	1062
391	194
392	977
393	182
394	162
395	173
396	515
397	39
398	183
399	24
400	1510
401	72
402	901
403	709
404	37
405	1019
406	891
407	222
408	37
409	40
410	959
411	122
412	56
413	100
414	149
415	840
416	121
417	127
417	128
418	40
419	659
420	21
421	958
422	322
423	1233
424	133
425	25
426	98
427	860
428	483
429	181
430	1214
431	180
432	79
433	1485
434	1069
435	333
436	878
437	81
438	53
439	17
440	54
441	10
442	82
442	219
442	1530
443	69
444	24
445	81
446	804
447	407
447	1241
448	47
449	53
450	163
451	1005
452	17
453	25
454	958
455	69
456	324
457	140
458	1406
459	502
460	140
461	165
462	275
462	1152
463	236
464	194
465	35
466	1169
466	1342
467	7
468	543
469	4
470	246
471	284
472	659
473	1145
474	921
475	173
476	56
477	202
478	561
479	152
480	786
480	890
481	709
482	53
483	215
484	634
485	10
486	427
487	1061
488	11
489	21
490	543
491	24
492	781
493	54
494	53
495	913
496	39
497	324
498	7
499	1106
500	765
501	86
502	831
503	914
504	98
505	65
506	18
507	860
508	107
509	32
510	183
511	37
512	26
513	1169
514	587
515	837
516	841
517	82
517	219
517	1530
518	100
519	333
520	197
521	1081
522	165
523	56
524	204
525	1333
526	28
527	539
528	1249
529	129
530	184
531	168
532	204
533	372
534	122
535	1222
536	223
537	1018
538	25
539	71
540	183
541	3
542	181
543	837
544	577
545	79
546	133
547	1436
548	112
549	140
550	709
551	202
552	729
553	712
554	580
555	856
556	113
557	229
558	713
559	294
560	53
561	604
562	187
563	7
564	127
564	128
565	77
566	1299
567	153
568	322
569	587
570	100
571	234
572	64
573	40
574	26
575	275
576	1251
577	135
578	881
579	1535
580	35
581	186
582	303
583	229
584	52
585	56
586	151
587	1440
588	39
589	187
590	65
591	546
592	70
593	8
594	587
595	1393
596	505
597	427
598	24
599	121
600	66
601	30
602	107
603	1187
604	219
605	1419
606	1311
607	252
608	181
609	259
610	163
611	140
612	213
613	11
614	1233
615	891
616	81
616	1484
617	17
618	189
619	466
620	133
621	10
622	47
623	427
623	717
623	931
624	25
625	81
626	35
627	781
628	76
629	26
630	40
631	49
632	425
633	215
634	28
635	59
636	176
637	109
638	214
639	279
640	1233
641	220
642	951
643	248
644	25
645	561
646	98
647	526
647	594
648	140
649	709
650	666
651	236
652	1081
653	1457
654	316
655	54
656	500
657	17
658	433
659	716
660	785
661	131
662	106
663	237
664	322
665	921
665	1011
666	321
667	965
668	53
669	928
670	197
671	207
672	321
673	163
674	1020
675	186
676	81
677	100
678	78
679	71
680	204
681	157
682	769
683	35
684	202
685	1530
686	37
687	24
688	133
688	288
689	1015
690	1050
691	129
692	187
693	183
694	1323
695	1233
696	961
697	236
698	808
699	225
700	107
701	127
701	128
702	197
703	8
704	811
705	294
706	607
707	1103
708	901
709	98
710	858
711	319
712	77
713	1432
714	21
715	199
716	1109
717	209
718	17
719	127
719	128
720	790
721	304
722	1432
723	66
724	1525
725	55
725	224
726	225
727	781
728	26
729	961
730	175
731	871
732	1336
733	47
734	294
735	99
736	1106
737	25
738	82
739	951
740	26
741	843
742	204
743	1527
744	214
745	219
746	39
747	306
748	54
749	56
750	666
751	113
752	189
753	1239
754	248
755	138
756	1267
757	1062
758	1203
759	10
760	76
761	65
762	76
763	305
764	518
764	1112
765	45
766	145
767	77
768	35
769	962
770	843
771	817
772	168
773	935
774	399
774	435
775	33
776	171
777	81
778	1032
779	17
780	197
781	1074
782	148
783	51
784	129
785	913
786	841
787	591
788	1081
789	28
790	63
791	186
792	140
793	70
794	198
795	781
796	286
797	1005
798	809
799	1142
800	13
801	31
802	27
803	73
804	1503
805	121
806	1307
807	131
808	223
809	279
810	321
811	998
812	181
813	671
814	21
815	135
816	43
817	1327
818	303
819	209
820	24
821	1020
822	176
823	71
824	353
824	910
824	1179
824	1215
824	1240
824	1414
825	561
826	500
827	50
828	40
829	157
830	319
831	305
832	1233
833	60
834	443
835	483
836	258
837	202
838	194
839	246
840	1487
841	135
842	1267
843	72
844	1187
845	28
846	1157
847	609
848	82
849	69
850	316
851	183
852	25
853	1318
854	187
855	1257
856	819
856	820
857	129
858	293
859	1213
860	508
861	765
862	190
863	138
864	123
865	100
866	841
867	891
868	34
869	580
870	1371
871	86
872	632
873	25
874	217
875	238
876	31
877	285
878	144
879	1142
880	982
881	1303
882	313
883	785
884	847
884	1097
885	701
886	225
887	781
888	543
888	849
889	175
890	204
891	1195
892	1390
893	235
894	205
895	624
896	951
897	1287
898	577
899	866
900	56
901	811
902	7
903	1499
904	1142
905	265
906	202
907	196
908	1466
909	332
910	181
911	50
912	642
912	643
913	35
914	962
915	81
916	188
917	168
918	452
919	1092
920	127
920	128
921	171
922	111
923	492
924	1233
925	220
926	351
926	1075
927	609
928	1327
929	93
930	8
931	1457
932	483
933	1270
934	140
935	803
936	1314
937	26
938	88
939	466
940	1396
941	1061
942	1214
943	27
944	73
945	211
946	1187
947	1176
948	78
949	1106
950	134
951	982
952	117
953	480
954	43
955	576
956	167
957	175
958	10
959	175
960	980
961	189
962	1150
963	197
964	17
965	140
966	256
967	105
968	1472
969	875
970	202
971	60
972	572
973	24
974	1343
975	236
976	1020
977	84
978	204
979	157
980	1349
981	54
982	23
983	198
984	187
985	509
986	964
987	1499
988	1103
989	1336
990	1530
991	27
991	198
991	288
991	357
991	1253
992	173
993	734
994	209
995	468
996	974
997	1353
998	887
999	63
1000	1418
1001	11
1002	988
1003	470
1004	248
1005	710
1006	517
1007	1159
1008	146
1009	549
1010	265
1011	1363
1012	922
1013	1267
1014	360
1015	781
1016	308
1017	100
1018	129
1019	26
1020	706
1021	69
1022	683
1022	714
1023	1283
1024	1479
1025	71
1026	225
1027	194
1028	45
1029	58
1030	77
1031	1455
1032	229
1033	113
1034	167
1035	591
1036	255
1037	214
1038	904
1039	1314
1040	292
1041	1109
1042	176
1043	955
1044	90
1045	1239
1046	208
1047	305
1048	781
1049	802
1050	139
1051	586
1051	882
1051	1680
1052	424
1053	189
1054	1327
1055	362
1056	221
1057	28
1058	591
1059	211
1060	135
1061	220
1062	661
1063	39
1064	833
1065	972
1066	258
1067	389
1068	258
1069	1043
1070	296
1071	1270
1072	11
1073	1428
1074	66
1075	101
1076	204
1077	127
1077	128
1078	148
1079	1485
1080	451
1081	168
1082	198
1083	811
1084	607
1085	1425
1085	1492
1086	43
1087	37
1088	131
1089	962
1090	642
1090	643
1091	163
1092	74
1093	157
1094	35
1095	939
1096	144
1097	171
1098	40
1099	72
1100	286
1100	941
1101	205
1102	164
1103	149
1104	1487
1105	305
1106	799
1107	17
1108	105
1109	998
1110	293
1111	791
1112	181
1113	1210
1114	678
1115	111
1116	287
1117	975
1118	202
1119	303
1120	119
1121	951
1122	117
1123	69
1124	55
1125	25
1126	982
1127	427
1127	717
1128	206
1129	300
1130	500
1131	515
1132	202
1133	1350
1134	1499
1135	607
1136	127
1136	128
1137	56
1138	85
1139	1099
1140	30
1141	265
1142	176
1143	317
1144	1473
1145	140
1146	81
1147	263
1148	229
1149	1358
1150	50
1151	190
1152	1409
1153	188
1154	331
1155	1444
1156	1396
1157	28
1158	799
1159	8
1160	1032
1161	1407
1162	484
1163	763
1164	76
1165	45
1166	1135
1167	1466
1168	301
1169	214
1170	549
1171	92
1172	291
1173	85
1174	518
1174	1112
1175	728
1176	58
1177	65
1178	225
1179	27
1180	147
1181	846
1182	51
1183	205
1184	119
1185	183
1186	25
1187	121
1188	209
1189	481
1190	14
1191	96
1192	1223
1193	956
1194	1445
1195	978
1196	803
1197	1150
1198	122
1199	179
1200	189
1201	1409
1202	37
1203	681
1204	1078
1205	1142
1206	32
1207	815
1208	360
1209	593
1210	117
1211	181
1212	1365
1213	1271
1214	77
1215	1148
1216	42
1217	71
1218	10
1219	321
1220	292
1220	445
1220	1433
1221	215
1222	26
1223	902
1224	458
1225	843
1226	84
1227	534
1228	511
1229	893
1230	567
1230	869
1231	105
1232	275
1233	289
1234	1500
1235	1140
1236	1358
1237	270
1237	292
1238	989
1238	1172
1239	1407
1240	1343
1241	217
1242	179
1243	265
1244	38
1244	187
1245	204
1246	3
1247	1595
1248	47
1249	1405
1250	525
1251	43
1252	129
1253	134
1254	572
1255	271
1256	1419
1257	299
1258	168
1259	811
1260	1453
1261	468
1262	106
1263	1432
1264	28
1265	734
1266	670
1267	207
1268	1063
1269	160
1270	135
1271	249
1272	141
1273	495
1273	1472
1273	2000
1274	188
1275	705
1276	360
1277	1223
1278	25
1279	235
1280	1233
1281	1052
1282	61
1283	101
1284	11
1285	159
1286	181
1287	534
1288	1458
1289	1050
1290	209
1291	1206
1292	438
1293	206
1294	209
1295	427
1295	717
1296	20
1297	592
1298	35
1298	864
1299	20
1300	20
1301	140
1302	150
1303	133
1304	72
1305	1125
1306	139
1307	110
1308	1485
1309	235
1310	59
1311	1078
1312	1065
1313	355
1314	149
1315	339
1315	855
1316	259
1317	1181
1318	71
1319	491
1320	172
1321	620
1321	880
1322	305
1323	132
1324	362
1325	144
1326	419
1327	205
1328	114
1329	642
1329	643
1330	1014
1331	1430
1332	65
1333	17
1334	219
1335	157
1336	1435
1337	248
1338	1449
1338	1450
1339	35
1340	1059
1341	1526
1342	220
1343	296
1344	202
1345	300
1346	1429
1347	1182
1348	84
1349	45
1350	326
1351	1224
1352	663
1353	127
1353	128
1354	282
1355	290
1355	403
1355	1178
1356	932
1357	975
1358	1074
1359	185
1360	681
1361	301
1362	63
1363	164
1364	1282
1365	821
1366	261
1367	897
1368	1099
1369	607
1370	88
1371	766
1372	606
1373	1518
1374	1473
1375	1314
1376	71
1377	300
1378	1142
1379	229
1380	1473
1381	167
1382	26
1383	151
1384	73
1385	208
1386	874
1387	157
1388	109
1389	1084
1390	8
1391	728
1392	873
1393	6
1394	1448
1395	221
1396	848
1397	130
1398	1086
1399	296
1400	608
1401	1136
1402	152
1403	839
1404	81
1405	81
1406	1533
1407	304
1408	59
1409	248
1410	294
1411	1467
1411	1468
1412	119
1413	24
1414	77
1415	279
1416	1396
1417	1075
1418	1192
1419	1243
1420	54
1421	685
1422	207
1423	309
1424	870
1425	1407
1426	374
1426	530
1427	21
1428	21
1429	1420
1430	168
1431	168
1432	1335
1433	221
1434	731
1435	295
1436	365
1436	1426
1437	17
1438	202
1439	177
1440	297
1441	105
1442	263
1443	76
1444	861
1445	1279
1445	1549
1446	856
1447	307
1448	85
1449	1254
1450	1170
1451	69
1452	382
1453	787
1454	1432
1455	891
1456	282
1457	301
1458	1155
1459	1032
1460	214
1461	25
1462	642
1462	643
1463	1099
1464	207
1465	131
1466	1517
1467	129
1468	642
1468	643
1469	160
1470	930
1471	150
1472	589
1473	51
1474	30
1475	244
1476	452
1477	799
1478	1318
1479	43
1480	1420
1481	463
1482	1060
1483	1005
1484	58
1485	1357
1486	127
1486	128
1487	755
1487	1521
1488	468
1489	587
1490	1409
1491	258
1492	207
1493	478
1494	1483
1495	597
1495	1344
1495	1433
1496	801
1497	186
1498	1029
1499	1048
1500	781
1501	257
1502	998
1503	1413
1504	708
1505	987
1506	1531
1507	1228
1508	1080
1509	481
1510	549
1511	1063
1512	728
1513	299
1514	892
1515	312
1515	517
1516	1358
1517	1322
1518	645
1519	755
1519	1521
1520	1506
1521	974
1522	838
1523	55
1524	1777
1525	300
1526	1187
1527	1499
1528	25
1529	76
1530	105
1531	1419
1532	509
1533	1189
1534	32
1535	321
1536	508
1537	24
1538	236
1539	1335
1540	815
1541	156
1542	547
1543	1223
1544	1003
1545	71
1546	305
1547	181
1548	139
1549	600
1550	1277
1551	179
1552	65
1553	198
1554	1518
1555	11
1556	50
1557	1425
1557	1492
1558	72
1559	1147
1560	1487
1561	258
1562	970
1563	135
1564	1449
1564	1450
1565	1067
1566	482
1567	1445
1568	118
1569	690
1570	67
1571	326
1572	1486
1573	1276
1574	409
1575	752
1576	607
1577	478
1578	172
1579	501
1580	235
1581	579
1582	517
1583	952
1584	309
1585	1205
1586	760
1587	1449
1587	1450
1588	60
1589	127
1589	128
1590	1012
1591	1075
1592	1452
1593	951
1594	1318
1595	28
1596	549
1597	725
1598	722
1599	827
1600	1239
1601	1396
1602	898
1603	187
1604	394
1605	654
1606	411
1607	294
1608	861
1609	63
1610	559
1611	487
1612	798
1613	999
1614	1530
1615	183
1616	1233
1617	799
1618	1187
1619	125
1620	1455
1621	1142
1622	618
1623	791
1624	62
1625	1255
1626	70
1627	438
1628	101
1629	932
1630	1053
1631	763
1632	738
1633	1420
1634	642
1634	643
1635	1407
1636	295
1637	862
1638	307
1639	1181
1640	13
1641	1048
1642	233
1643	45
1644	1142
1645	1135
1646	975
1647	770
1648	205
1649	863
1650	1532
1651	147
1652	1171
1653	1506
1654	102
1655	187
1656	25
1657	1065
1658	308
1659	302
1660	76
1661	874
1662	738
1663	967
1664	1182
1665	1256
1666	761
1667	362
1668	680
1669	734
1670	41
1671	270
1671	1433
1672	27
1673	1223
1674	204
1675	113
1676	1498
1677	422
1678	728
1679	289
1680	1281
1680	1463
1681	570
1682	1472
1683	17
1684	134
1685	152
1686	1359
1687	515
1688	219
1689	1118
1690	621
1691	607
1692	1001
1693	1353
1694	475
1695	85
1696	884
1697	815
1698	1491
1699	559
1700	1320
1701	572
1702	1153
1702	1154
1702	1459
1702	1835
1703	30
1704	578
1705	1467
1705	1468
1706	1429
1707	221
1708	1131
1709	1270
1710	686
1711	1453
1712	872
1713	88
1714	612
1715	1138
1716	39
1717	373
1718	250
1719	185
1720	202
1721	452
1722	1021
1723	40
1724	31
1725	1369
1726	163
1727	1322
1728	930
1729	962
1730	542
1731	1534
1732	396
1733	926
1734	1398
1735	1161
1736	912
1737	589
1738	1113
1739	1126
1740	1315
1741	173
1742	669
1743	198
1744	1335
1745	507
1746	488
1747	58
1748	725
1749	30
1750	198
1751	863
1752	492
1753	119
1754	1223
1755	72
1756	447
1756	741
1757	66
1758	300
1759	1554
1760	206
1761	1143
1762	1567
1763	1561
1764	229
1765	97
1766	182
1767	202
1768	1223
1769	936
1769	960
1770	1563
1771	1572
1772	129
1773	300
1774	258
1775	930
1776	1067
1777	1429
1778	1409
1779	159
1780	339
1780	374
1780	1538
1781	51
1782	477
1783	84
1784	316
1785	1022
1786	121
1787	1525
1788	265
1789	1084
1790	596
1791	329
1792	140
1793	151
1794	397
1795	441
1796	1189
1797	1564
1798	1595
1799	1265
1800	1380
1801	188
1802	954
1803	1207
1804	1314
1805	1136
1806	1322
1807	967
1808	219
1809	309
1810	636
1811	403
1811	855
1811	1652
1812	207
1813	59
1814	1533
1815	44
1816	1123
1817	108
1818	669
1819	1228
1820	112
1821	1444
1822	1171
1823	215
1824	135
1825	1140
1826	439
1826	1172
1827	1469
1828	233
1829	147
1830	945
1831	1531
1832	413
1833	556
1834	681
1835	205
1836	722
1837	1626
1838	1416
1839	71
1840	1595
1841	904
1842	292
1842	1220
1843	1000
1843	1055
1844	478
1845	248
1846	430
1847	419
1848	734
1849	336
1850	133
1850	714
1851	929
1852	1282
1853	1495
1854	619
1855	35
1856	43
1857	644
1858	76
1859	1494
1860	304
1861	1460
1862	1496
1863	1561
1864	1225
1865	1161
1866	315
1867	117
1868	220
1869	76
1870	1445
1871	181
1872	132
1873	14
1874	869
1874	911
1875	1036
1876	65
1877	587
1878	534
1879	1192
1880	1316
1881	1149
1882	110
1883	204
1884	764
1885	1470
1886	612
1887	421
1887	1583
1888	261
1889	1518
1890	249
1891	1543
1892	303
1893	1396
1894	780
1895	728
1896	1548
1897	642
1897	643
1898	874
1899	125
1900	563
1901	60
1902	69
1903	783
1904	1462
1905	760
1906	127
1906	128
1907	130
1908	16
1909	1189
1910	999
1911	1489
1912	1282
1913	284
1914	1063
1915	708
1916	626
1917	1494
1918	721
1919	1075
1920	650
1921	91
1922	835
1923	28
1924	81
1925	198
1926	642
1926	643
1927	1358
1928	944
1928	1013
1929	24
1930	839
1931	1343
1932	1348
1933	1038
1934	852
1935	960
1936	757
1937	1314
1938	196
1939	55
1940	8
1941	796
1941	1158
1942	527
1943	26
1944	1217
1945	344
1946	1159
1947	341
1948	330
1949	1673
1950	206
1951	1679
1952	967
1953	681
1954	1272
1955	1146
1956	294
1957	50
1958	235
1959	567
1959	1045
1960	446
1961	17
1962	434
1963	721
1964	47
1965	764
1966	402
1966	1016
1966	1296
1967	1260
1968	1267
1969	790
1970	408
1971	1271
1972	975
1973	438
1974	1046
1975	892
1976	1281
1976	1463
1977	501
1978	263
1979	732
1980	62
1981	465
1982	986
1983	1693
1984	168
1985	1542
1986	1388
1987	27
1988	358
1989	219
1990	752
1991	469
1992	25
1993	525
1994	362
1995	898
1996	798
1997	1352
1998	214
1999	917
2000	1119
2001	1697
2002	1171
2003	1592
2004	452
2005	887
2006	906
2007	1329
2008	299
2009	684
2010	1502
2011	1004
2012	672
2013	1318
2014	978
2015	275
2015	523
2015	1096
2016	952
2017	1030
2018	119
2019	1079
2020	104
2021	731
2022	1223
2023	35
2024	1754
2025	25
2026	1462
2027	138
2028	1335
2029	962
2030	131
2031	159
2032	305
2033	1666
2034	294
2035	430
2036	63
2037	1625
2038	1170
2039	1603
2040	355
2041	999
2042	1486
2043	360
2044	89
2045	122
2046	669
2047	592
2048	1610
2049	644
2050	739
2051	1389
2052	905
2053	1138
2054	391
2055	834
2056	448
2057	979
2058	115
2059	1509
2060	366
2061	900
2062	144
2063	207
2064	797
2065	789
2066	1181
2067	1239
2068	1336
2069	1292
2070	437
2071	409
2072	753
2073	1443
2074	1723
2075	1251
2076	189
2077	1628
2078	1223
2079	1086
2080	1591
2081	1460
2082	326
2083	734
2084	388
2085	494
2086	374
2087	329
2088	27
2089	7
2090	54
2091	1006
2092	1070
2093	1476
2094	1214
2095	470
2096	168
2097	70
2098	1260
2099	468
2100	60
2101	307
2102	263
2103	1197
2104	1282
2105	419
2105	1191
2106	258
2107	642
2107	643
2108	889
2109	967
2110	430
2111	1445
2112	1359
2113	612
2114	1445
2115	1190
2116	1077
2117	1525
2118	1468
2119	1176
2120	1139
2120	1731
2121	993
2122	1753
2123	1729
2124	491
2125	879
2126	289
2127	468
2128	1407
2129	1055
2130	1517
2131	605
2132	873
2133	40
2134	763
2135	51
2136	302
2137	920
2137	1745
2138	960
2139	58
2140	22
2141	77
2142	1783
2143	1540
2143	2000
2144	534
2145	110
2146	1023
2147	522
2148	867
2149	481
2150	696
2151	1384
2152	1322
2153	477
2154	1430
2155	596
2156	361
2157	682
2158	870
2159	1187
2160	1353
2161	1020
2162	1022
2163	814
2163	1481
2164	835
2165	1314
2166	814
2166	1833
2167	197
2168	1242
2169	548
2170	936
2171	39
2172	105
2173	1135
2174	1032
2175	1670
2176	351
2176	552
2176	1366
2177	1437
2178	1305
2179	76
2180	95
2180	127
2180	377
2180	488
2180	507
2180	1718
2181	270
2182	1494
2183	1225
2184	934
2185	61
2186	235
2187	825
2188	699
2189	398
2190	937
2191	373
2192	75
2193	585
2194	654
2195	929
2196	267
2197	60
2198	1080
2199	898
2200	368
2201	1553
2202	644
2203	1166
2203	1649
2204	135
2205	1575
2206	24
2207	35
2208	25
2209	986
2210	1465
2211	1308
2212	642
2212	643
2213	1455
2214	69
2215	1352
2216	644
2217	398
2218	449
2219	239
2220	47
2221	99
2222	1242
2223	1420
2224	978
2225	54
2226	229
2227	205
2228	824
2228	1811
2229	71
2230	1489
2231	172
2232	1504
2233	1093
2234	1150
2235	282
2236	1046
2237	429
2238	1460
2239	7
2240	1352
2241	1724
2241	1762
2242	850
2243	715
2244	626
2245	482
2246	432
2247	1509
2248	105
2249	854
2250	14
2251	295
2252	655
2253	309
2254	182
2255	885
2256	669
2257	1768
2258	702
2259	669
2260	648
2260	1373
2261	1741
2262	332
2263	204
2264	381
2265	535
2266	858
2267	795
2268	45
2269	1477
2270	1174
2271	1772
2272	130
2273	445
2273	459
2274	1596
2275	1196
2276	437
2276	648
2277	1783
2278	474
2279	265
2280	198
2281	692
2282	369
2283	531
2284	1314
2285	1502
2286	1460
2287	315
2288	203
2289	28
2290	748
2291	1034
2292	125
2293	1330
2294	300
2295	589
2296	1322
2297	672
2298	1234
2299	1666
2300	245
2301	475
2302	570
2303	350
2304	304
2305	307
2306	316
2307	63
2308	401
2309	225
2310	1452
2311	110
2312	938
2313	1106
2314	362
2315	967
2316	1675
2316	1676
2317	381
2318	932
2319	155
2320	1051
2321	1142
2322	732
2323	1702
2324	1396
2325	1433
2326	806
2327	1512
2328	151
2329	198
2330	566
2331	607
2332	1281
2333	1283
2334	1136
2335	918
2336	749
2337	739
2338	1635
2339	1158
2339	1376
2340	30
2341	81
2342	25
2343	1423
2344	728
2345	496
2346	328
2347	525
2348	616
2348	617
2348	949
2349	1612
2350	326
2351	862
2352	43
2353	600
2354	283
2355	45
2356	865
2357	1405
2358	726
2358	1362
2359	109
2360	538
2361	1640
2362	1502
2363	1518
2364	554
2365	196
2366	1900
2367	110
2368	1811
2369	638
2370	573
2370	641
2371	1445
2372	209
2373	722
2374	318
2375	731
2376	558
2377	140
2378	220
2379	1077
2380	1815
2381	1468
2382	772
2382	1024
2383	1171
2384	852
2385	1228
2386	1322
2387	360
2388	29
2389	778
2390	1335
2391	954
2392	1308
2393	400
2394	204
2395	1585
2396	160
2397	414
2398	59
2399	58
2400	1104
2401	653
2402	794
2403	276
2404	1006
2405	1329
2406	998
2407	681
2408	149
2409	1409
2410	797
2411	723
2412	906
2413	956
2414	1343
2415	1752
2416	1420
2417	1292
2418	789
2419	7
2420	555
2421	412
2422	1063
2423	248
2424	673
2425	497
2426	198
2426	1072
2427	274
2428	1637
2429	1338
2430	430
2431	1346
2432	21
2433	984
2434	974
2435	1561
2436	449
2437	27
2437	198
2437	1265
2437	1502
2437	1529
2438	1677
2439	950
2440	1035
2441	161
2442	1189
2443	1344
2444	664
2445	1273
2445	1274
2446	280
2446	942
2447	976
2448	938
2449	1672
2450	342
2451	1660
2452	1468
2453	305
2454	1624
2455	323
2456	633
2457	315
2458	571
2459	1233
2460	677
2460	1317
2461	1086
2462	1086
2463	489
2464	1234
2465	658
2466	434
2467	274
2468	1138
2469	994
2470	85
2471	412
2472	26
2473	152
2474	693
2475	1726
2476	1223
2477	338
2478	16
2479	189
2480	1165
2481	728
2482	1413
2483	1473
2484	188
2485	1328
2486	1713
2487	1579
2488	1525
2489	1006
2490	8
2491	739
2492	127
2492	128
2493	475
2494	157
2495	1725
2496	171
2497	301
2498	1507
2499	204
2500	1577
2501	559
2502	967
2503	127
2503	128
2504	999
2505	753
2506	61
2507	368
2508	1228
2509	1047
2510	1645
2511	278
2511	1536
2512	567
2512	1045
2513	1318
2514	655
2515	775
2516	1693
2517	1656
2518	642
2518	643
2519	791
2520	575
2520	1285
2521	1698
2521	1699
2522	1284
2523	829
2524	256
2525	1138
2526	1146
2527	1021
2528	181
2529	948
2530	601
2531	779
2532	1595
2533	596
2534	430
2535	181
2536	482
2537	396
2538	1604
2539	799
2540	1701
2541	975
2542	406
2542	1207
2543	390
2544	951
2545	828
2546	417
2547	24
2548	738
2549	12
2550	1714
2551	653
2552	398
2553	207
2554	7
2555	14
2556	1668
2557	735
2558	339
2559	10
2560	376
2561	1298
2562	1381
2562	1382
2563	877
2564	220
2565	67
2566	945
2567	76
2568	1136
2569	1171
2570	607
2571	937
2572	1951
2572	1953
2572	1956
2573	301
2574	316
2575	1499
2576	76
2577	615
2578	39
2579	1851
2580	301
2581	1113
2582	1407
2583	1352
2584	1482
2585	507
2586	853
2587	1866
2588	1230
2589	870
2590	518
2590	1112
2591	1789
2592	631
2593	971
2594	248
2595	1504
2596	1717
2597	364
2597	1366
2598	1770
2599	455
2600	1295
2601	1437
2602	1102
2603	257
2604	1308
2605	65
2606	1758
2607	219
2607	250
2608	7
2609	336
2610	1642
2611	721
2612	677
2612	1317
2613	1379
2614	960
2615	1870
2616	358
2617	960
2618	1424
2619	9
2620	1149
2621	1739
2622	1733
2623	1209
2624	658
2624	1695
2625	274
2626	930
2627	702
2628	1177
2628	1819
2629	17
2630	763
2631	58
2632	344
2632	375
2632	386
2632	820
2632	842
2632	857
2633	1794
2633	1871
2634	812
2635	954
2636	810
2637	607
2638	603
2639	378
2640	1449
2640	1450
2641	1306
2642	1275
2643	513
2643	1167
2644	1104
2645	1760
2646	1144
2647	744
2647	745
2648	1590
2649	1640
2650	1138
2651	669
2652	197
2653	294
2654	452
2655	1460
2656	1504
2657	673
2658	1378
2659	681
2660	14
2661	197
2662	387
2663	1894
2664	1491
2665	1100
2666	669
2667	1874
2668	1072
2669	453
2670	1400
2671	665
2672	1399
2673	362
2674	1531
2675	1569
2676	1046
2677	352
2678	884
2679	506
2680	214
2681	867
2682	990
2682	1071
2683	1787
2684	1610
2685	1476
2686	920
2687	1497
2688	1038
2689	258
2690	1055
2691	1164
2692	1230
2693	851
2694	1547
2695	1684
2696	1075
2697	1075
2698	1392
2699	1464
2700	17
2701	221
2702	1040
2703	356
2704	265
2705	1022
2706	1081
2707	761
2708	1110
2709	344
2710	740
2711	1671
2712	320
2713	1313
2714	1667
2715	127
2715	128
2716	113
2717	726
2717	1362
2718	496
2719	309
2720	207
2721	1489
2722	578
2722	1285
2723	1538
2723	1652
2724	1080
2725	1880
2726	795
2727	467
2728	1489
2729	906
2730	1194
2731	476
2732	479
2733	736
2734	366
2735	30
2736	493
2736	1513
2737	782
2738	872
2739	1323
2740	1509
2741	694
2742	562
2743	1079
2744	1093
2745	1335
2746	1142
2747	1739
2748	282
2749	177
2750	739
2751	1836
2752	1335
2753	794
2754	1491
2755	76
2756	295
2757	607
2758	1322
2759	1157
2760	1437
2761	1430
2762	488
2763	305
2764	1271
2765	73
2766	24
2767	585
2768	1582
2769	1124
2770	1468
2771	1429
2772	1352
2773	1369
2774	698
2775	559
2776	396
2777	975
2778	623
2779	1352
2780	1356
2781	25
2782	1706
2783	198
2783	1017
2784	206
2785	1912
2786	1099
2787	1659
2788	299
2789	1115
2790	664
2791	235
2792	721
2793	1504
2794	24
2795	917
2796	1301
2797	1001
2798	908
2799	937
2800	1045
2801	265
2802	1758
2803	119
2803	1397
2804	263
2805	976
2806	214
2807	1631
2808	1341
2809	1125
2810	1581
2811	127
2811	128
2812	1617
2813	1021
2814	1836
2815	1451
2816	215
2817	512
2818	1087
2819	516
2820	330
2821	58
2822	26
2823	27
2824	235
2825	277
2826	1724
2826	1762
2827	484
2828	1927
2829	299
2830	129
2831	1108
2832	1181
2833	1442
2834	278
2834	1536
2835	220
2836	1838
2837	99
2838	1006
2839	668
2840	819
2840	820
2841	1378
2842	1407
2843	384
2843	1193
2844	664
2845	1939
2846	157
2847	1271
2848	293
2849	652
2849	1237
2850	72
2851	587
2852	1358
2853	653
2854	597
2854	1186
2855	1652
2856	1441
2857	1288
2858	673
2859	47
2860	404
2861	105
2862	14
2863	1928
2864	482
2865	1229
2866	691
2867	60
2868	81
2869	1693
2870	408
2871	449
2872	472
2873	1228
2874	1394
2875	1834
2876	278
2876	1536
2877	1675
2877	1676
2878	1001
2879	677
2879	1317
2880	295
2881	653
2882	772
2883	198
2884	35
2885	1662
2886	125
2887	967
2888	416
2889	1281
2889	1411
2890	1840
2891	602
2892	1694
2893	231
2894	711
2895	138
2896	534
2897	110
2898	1100
2899	1100
2900	724
2901	1766
2902	803
2903	161
2904	1498
2905	764
2906	1070
2907	999
2908	735
2909	1920
2910	1763
2911	204
2912	179
2913	501
2914	478
2915	320
2916	1189
2917	514
2918	429
2919	278
2919	1536
2920	249
2921	282
2922	35
2923	367
2924	1065
2925	1744
2926	58
2927	1054
2928	207
2929	1689
2930	556
2931	934
2932	1156
2933	468
2934	997
2935	323
2936	144
2937	1820
2938	423
2939	1265
2940	70
2941	732
2942	348
2943	35
2944	999
2945	55
2946	763
2947	1132
2948	1708
2949	63
2950	757
2951	1531
2952	660
2953	157
2954	1641
2955	835
2956	722
2957	1715
2958	325
2959	1931
2960	1437
2961	1230
2962	1471
2963	574
2964	1300
2965	876
2966	26
2967	1669
2968	295
2969	7
2970	8
2971	1093
2972	1647
2973	1422
2974	1660
2975	1739
2976	7
2977	509
2978	863
2979	1705
2980	1031
2981	1051
2982	1008
2983	355
2984	797
2985	354
2986	861
2987	30
2988	1559
2989	43
2990	1286
2991	1934
2992	1143
2993	1445
2994	1234
2995	512
2996	323
2997	1379
2998	675
2999	431
3000	734
3001	1849
3002	1332
3003	368
3004	1509
3005	528
3006	428
3007	305
3008	676
3009	532
3010	742
3011	681
3012	1070
3013	1445
3014	585
3015	835
3016	14
3017	735
3018	1200
3019	795
3020	1944
3021	677
3021	1317
3022	1633
3023	1502
3024	229
3025	292
3025	969
3026	347
3027	550
3028	1427
3029	434
3030	363
3030	495
3030	1208
3031	973
3032	1352
3033	1925
3034	360
3035	1514
3036	534
3037	873
3038	1379
3039	810
3040	468
3041	326
3042	836
3043	1439
3044	644
3045	1229
3046	419
3047	1046
3048	1744
3049	1063
3050	1409
3051	1189
3052	1190
3053	1820
3054	371
3055	990
3055	1071
3056	629
3057	788
3058	104
3059	440
3060	1164
3061	1173
3062	243
3063	1005
3064	820
3065	736
3066	1712
3067	1083
3068	1218
3069	267
3070	131
3071	344
3072	155
3073	384
3073	1193
3074	1773
3075	1308
3076	346
3077	412
3078	1443
3079	688
3080	1786
3081	1346
3082	1546
3083	1447
3084	1242
3085	746
3086	1467
3087	908
3088	154
3089	532
3090	510
3091	1404
3092	1223
3093	1383
3094	1396
3095	660
3096	1443
3097	925
3098	962
3099	867
3100	1580
3101	567
3101	1045
3101	1538
3102	1897
3103	967
3104	1937
3105	711
3106	884
3107	45
3108	1561
3109	436
3110	387
3111	832
3112	415
3113	188
3114	1932
3115	973
3116	1977
3117	207
3118	1146
3119	595
3120	482
3121	1721
3122	1607
3123	1779
3124	1609
3125	1770
3126	1022
3127	606
3128	115
3129	24
3130	1520
3131	1368
3132	1472
3133	1321
3134	251
3135	1694
3136	1566
3137	286
3138	163
3139	1570
3140	1890
3141	945
3142	1576
3143	1551
3144	1652
3145	177
3146	59
3147	660
3148	1471
3149	461
3150	1772
3151	1235
3151	1814
3152	1867
3153	525
3154	1783
3155	28
3156	886
3157	791
3158	562
3159	141
3159	327
3159	452
3159	478
3159	553
3159	1848
3160	1256
3161	1488
3162	1644
3163	1245
3164	1322
3165	610
3165	611
3166	412
3167	1401
3168	348
3169	1094
3170	122
3171	998
3172	347
3173	1423
3174	1138
3175	42
3176	551
3177	1559
3178	1431
3179	532
3180	1709
3181	1744
3182	1550
3183	736
3184	1689
3185	1430
3185	1449
3185	1450
3186	967
3187	1369
3188	1355
3189	1138
3190	607
3191	943
3192	265
3193	1046
3194	381
3195	1494
3196	1514
3197	1181
3198	210
3199	131
3200	17
3201	249
3202	275
3203	1447
3204	1460
3205	1054
3206	1188
3207	734
3208	105
3209	733
3210	1713
3211	275
3211	614
3211	1767
3212	1606
3213	127
3213	128
3214	245
3215	1799
3216	336
3217	1595
3218	209
3219	1525
3220	1233
3221	1429
3222	1189
3223	794
3224	326
3225	1545
3226	1950
3227	999
3228	653
3229	1663
3230	780
3231	395
3232	130
3233	554
3234	366
3235	630
3235	679
3236	1897
3237	263
3238	529
3238	1351
3239	583
3240	989
3240	1134
3241	1801
3242	293
3243	1413
3244	1268
3245	1475
3246	1067
3247	1281
3248	384
3249	702
3250	1369
3251	1008
3252	110
3253	1542
3254	1742
3255	1361
3256	535
3257	1774
3258	708
3259	235
3260	1219
3261	1807
3262	1748
3263	1294
3264	1403
3265	549
3266	603
3267	395
3268	1578
3269	753
3270	316
3271	541
3272	775
3273	1499
3274	1477
3275	482
3276	1066
3277	497
3278	545
3279	1625
3280	1769
3281	1874
3282	1012
3283	812
3284	1733
3285	373
3286	415
3287	540
3288	863
3289	39
3290	385
3290	1235
3291	1920
3292	1658
3293	603
3294	596
3295	1630
3296	1682
3297	1592
3298	990
3298	1071
3299	1568
3300	1114
3300	1370
3301	562
3302	1625
3303	1980
3303	1983
3304	1003
3305	1247
3305	1901
3306	810
3307	207
3308	360
3309	749
3310	299
3311	1135
3312	198
3313	43
3314	925
3315	560
3315	719
3316	221
3317	1903
3318	342
3319	76
3320	1820
3321	203
3322	1965
3323	171
3324	1073
3325	423
3326	739
3327	673
3328	1624
3329	1897
3330	1531
3331	1104
3332	1041
3333	1075
3334	119
3335	1451
3336	917
3337	1918
3338	906
3339	1164
3340	938
3341	660
3342	85
3343	1558
3344	343
3345	1300
3346	737
3347	607
3348	1381
3348	1382
3349	1871
3350	1359
3351	742
3352	1678
3353	45
3354	25
3355	652
3355	1237
3356	39
3357	1246
3358	1908
3359	17
3360	1417
3361	512
3362	870
3363	669
3364	1385
3365	906
3366	1694
3367	610
3367	611
3368	1969
3369	1122
3370	1713
3371	1039
3371	1461
3372	195
3373	1614
3373	1825
3374	345
3375	1732
3376	61
3377	976
3378	220
3379	1049
3380	1136
3381	1046
3382	1650
3383	1528
3384	207
3385	294
3386	1721
3387	1746
3388	1631
3389	304
3390	1793
3391	475
3392	1230
3393	763
3394	1698
3394	1699
3395	1573
3396	7
3397	1086
3398	1681
3399	1038
3400	398
3401	1634
3402	1724
3402	1762
3403	1431
3404	26
3405	1630
3406	468
3407	1080
3408	14
3409	1449
3409	1450
3410	1796
3411	619
3412	1818
3413	1957
3414	590
3415	1595
3416	660
3417	648
3417	1924
3418	1234
3419	501
3420	43
3421	51
3421	88
3422	975
3423	711
3424	1776
3425	1173
3426	1674
3427	1135
3428	1185
3429	595
3430	299
3431	269
3432	1917
3433	1511
3434	1560
3435	1387
3436	496
3437	578
3438	444
3439	973
3440	702
3441	534
3442	1580
3443	1922
3444	1672
3445	1193
3446	437
3447	1451
3448	557
3449	1799
3450	773
3451	1452
3452	1473
3453	1506
3454	1054
3455	1574
3456	499
3457	9
3458	1314
3459	722
3460	1420
3461	677
3461	1317
3462	1813
3463	1275
3464	1346
3465	1024
3465	1411
3466	1428
3467	525
3468	622
3469	202
3470	1860
3471	1121
3471	1415
3472	25
3473	598
3473	1080
3474	1171
3475	893
3476	1853
3477	1460
3478	1235
3478	1814
3479	1791
3480	756
3481	70
3482	664
3483	373
3484	1412
3484	1538
3485	235
3486	1133
3487	60
3488	1901
3489	434
3490	810
3491	996
3491	1090
3492	726
3492	1362
3493	258
3494	795
3495	748
3496	1657
3497	169
3498	754
3499	54
3500	1711
3501	933
3502	1592
3503	1912
3504	859
3505	152
3506	646
3506	1221
3507	170
3508	940
3509	206
3510	1337
3511	477
3512	274
3513	1701
3514	88
3515	1925
3516	272
3517	1225
3518	14
3519	381
3520	1602
3521	362
3522	541
3523	750
3524	1787
3525	235
3526	1158
3527	1844
3528	1537
3529	348
3530	368
3531	885
3532	1824
3533	600
3534	1473
3535	1358
3536	1651
3537	358
3538	1743
3539	1088
3540	1504
3541	602
3542	1616
3543	542
3544	1562
3545	1677
3546	1724
3546	1762
3547	1653
3548	113
3549	300
3550	85
3551	104
3552	1846
3553	681
3554	289
3555	1271
3556	1945
3557	684
3558	1654
3559	169
3560	1468
3561	1335
3562	514
3563	1181
3564	957
3565	1170
3566	1929
3567	711
3568	423
3569	1742
3570	1952
3571	486
3572	1709
3573	1780
3574	525
3575	718
3576	1597
3577	573
3577	641
3578	1766
3579	1612
3580	915
3580	1755
3581	1273
3581	1274
3582	1804
3583	1759
3584	1085
3585	27
3586	381
3587	360
3588	1447
3589	1033
3590	761
3591	1764
3592	110
3593	1603
3594	1601
3595	968
3596	1914
3597	1836
3598	596
3599	206
3600	1913
3601	1973
3602	1613
3603	923
3604	1038
3605	1858
3606	50
3607	976
3608	81
3609	358
3610	567
3610	1540
3611	154
3612	207
3613	1930
3614	360
3615	1419
3616	119
3617	738
3618	392
3619	1522
3620	1789
3621	426
3622	1042
3622	1339
3623	1884
3623	1943
3624	1860
3625	35
3626	1174
3627	221
3628	297
3629	263
3630	735
3631	1189
3632	1693
3633	1693
3634	1693
3635	886
3636	884
3637	282
3638	823
3639	550
3640	419
3641	1161
3642	1234
3643	1921
3644	1528
3645	535
3646	299
3647	164
3648	315
3649	17
3650	1859
3651	1354
3652	105
3653	476
3654	1401
3655	228
3656	1085
3657	894
3657	1231
3658	1539
3658	1881
3659	1612
3660	1734
3661	198
3662	1379
3663	1189
3664	1831
3665	1244
3666	1081
3667	749
3668	1643
3669	728
3670	1677
3671	1625
3672	1713
3673	1439
3674	1912
3675	702
3676	1602
3677	1525
3678	1156
3679	1551
3680	127
3680	128
3681	537
3682	243
3683	207
3684	274
3685	1408
3686	538
3687	231
3688	1862
3689	473
3690	588
3691	119
3692	1707
3693	991
3694	1431
3695	1600
3696	1764
3697	214
3698	1861
3699	1850
3700	1544
3701	642
3701	643
3702	582
3702	597
3703	477
3704	1938
3705	1156
3706	291
3707	1387
3708	1655
3709	668
3710	1229
3711	1211
3712	1448
3713	1028
3714	105
3715	1722
3716	784
3717	1383
3718	16
3719	1265
3720	129
3721	1608
3722	1556
3723	1188
3724	130
3725	1898
3726	1694
3727	1146
3728	812
3729	761
3730	1346
3731	1891
3732	1146
3733	1137
3734	1357
3735	554
3736	1820
3737	1056
3738	39
3739	1136
3740	332
3741	1867
3742	1961
3743	14
3744	1022
3745	1823
3746	1715
3747	607
3748	76
3749	556
3750	1713
3751	125
3752	1809
3753	60
3754	253
3755	883
3756	1233
3757	869
3758	337
3759	1473
3760	1188
3761	1857
3762	1041
3763	967
3764	1873
3765	89
3766	8
3767	15
3768	1761
3769	1033
3770	1481
3770	1879
3771	1648
3772	1719
3772	1886
3773	1006
3774	1737
3775	813
3776	1858
3777	1812
3778	1520
3778	1816
3779	45
3780	845
3781	1967
3782	1021
3783	1902
3784	270
3784	1009
3785	362
3786	895
3787	1080
3787	1639
3788	428
3789	734
3790	884
3791	1586
3792	385
3793	990
3793	1071
3794	459
3794	1756
3795	681
3796	1854
3797	1437
3798	147
3799	1447
3800	1751
3801	1841
3802	651
3803	899
3804	1404
3805	1946
3806	42
3807	1994
3808	823
3809	47
3810	1952
3811	1694
3812	7
3813	43
3814	797
3815	1890
3816	933
3817	104
3818	1959
3819	1553
3820	1372
3821	1281
3822	1361
3823	1309
3824	1593
3825	1891
3826	1063
3827	430
3828	1650
3829	1461
3830	1878
3831	1116
3832	1691
3833	1937
3834	1878
3835	295
3836	1662
3837	257
3838	652
3838	1237
3839	1565
3840	221
3841	736
3842	578
3843	1100
3844	1309
3845	1319
3846	806
3847	1476
3848	343
3849	1842
3850	1675
3850	1676
3851	934
3852	1861
3853	889
3853	1852
3854	1168
3855	1329
3856	229
3857	159
3858	1704
3859	196
3860	8
3861	557
3862	681
3863	1709
3864	415
3865	953
3866	1968
3867	151
3868	1893
3869	1054
3870	1271
3871	1024
3872	1629
3873	1383
3874	95
3875	460
3876	330
3877	789
3878	452
3879	242
3880	534
3881	533
3882	405
3883	336
3884	1990
3884	1991
3885	1750
3886	475
3887	1523
3888	1471
3889	1399
3890	58
3891	1093
3892	867
3893	336
3894	1817
3895	471
3896	1447
3897	499
3898	514
3899	1747
3900	1420
3901	326
3902	1715
3903	581
3904	1546
3905	722
3906	1008
3907	442
3908	1805
3909	1393
3910	273
3911	1008
3912	1944
3913	1809
3914	1706
3915	360
3916	1865
3917	1683
3918	1979
3919	1911
3920	1719
3921	1190
3922	398
3923	1860
3924	635
3925	976
3926	1984
3927	1082
3928	1989
3929	967
3930	1613
3931	1655
3932	560
3932	719
3933	503
3933	1098
3934	503
3934	1235
3935	381
3936	63
3937	1180
3938	925
3939	966
3940	1413
3941	564
3941	565
3942	412
3943	1161
3944	1765
3945	486
3946	119
3947	1410
3948	1773
3949	1598
3950	693
3951	963
3952	498
3953	1443
3954	1628
3955	1733
3956	1843
3957	1897
3958	1598
3959	327
3960	1798
3961	1841
3962	464
3963	1595
3964	7
3965	104
3966	774
3967	704
3968	8
3969	462
3969	720
3970	1693
3971	1544
3972	1918
3973	1514
3974	1557
3975	1821
3976	1308
3977	1806
3978	1091
3979	953
3979	1367
3980	1664
3981	1448
3982	735
3983	60
3984	1630
3985	583
3986	814
3986	1088
3986	1621
3987	664
3988	584
3989	1352
3990	1430
3991	1552
3992	1712
3993	235
3994	1728
3995	894
3996	1434
3997	1541
3998	1627
3999	393
3999	657
3999	985
4000	1568
4001	644
4002	1862
4003	917
4004	17
4005	1424
4006	1711
4007	1992
4008	1952
4009	695
4010	415
4011	1095
4011	1784
4012	265
4013	512
4014	512
4015	1987
4015	1988
4016	1972
4017	1845
4018	368
4019	1930
4020	525
4021	1456
4022	1573
4023	1781
4024	1589
4025	1234
4026	1749
4027	300
4028	1038
4029	1949
4030	1781
4031	1239
4032	1051
4033	1892
4034	14
4035	1726
4036	1830
4037	1844
4038	1120
4039	1361
4040	263
4041	1674
4042	707
4042	1474
4043	1796
4044	355
4045	1124
4046	1730
4047	1856
4048	1504
4049	1828
4050	105
4051	960
4052	206
4053	1748
4054	410
4055	220
4056	1447
4057	1515
4057	2003
4058	334
4059	1638
4060	1308
4061	1281
4062	1672
4063	1657
4064	1411
4064	1619
4065	1906
4066	1708
4067	653
4068	1229
4069	27
4070	943
4071	385
4071	1814
4071	1940
4072	1610
4073	81
4074	1808
4075	1273
4075	1274
4076	811
4077	521
4078	1847
4079	1080
4080	14
4081	518
4081	1112
4081	1481
4081	1879
4082	691
4083	1694
4084	1622
4084	1710
4085	975
4086	754
4087	476
4088	652
4088	1237
4089	1261
4090	250
4091	160
4092	1265
4093	647
4094	419
4095	321
4096	599
4097	1550
4098	1734
4099	1403
4100	81
4101	1242
4102	76
4103	1887
4103	1888
4103	1889
4104	1716
4105	25
4106	7
4107	77
4108	667
4109	1893
4110	371
4111	262
4112	833
4113	1961
4114	409
4115	1547
4116	569
4117	1589
4118	1874
4119	1269
4120	1047
4121	870
4122	681
4123	1841
4124	26
4125	1143
4126	17
4127	1944
4128	1948
4129	601
4130	1790
4131	888
4132	1727
4133	115
4134	1810
4135	1869
4136	383
4137	115
4138	1920
4139	1686
4140	868
4141	1937
4142	637
4143	1547
4144	1947
4144	1954
4145	1643
4146	1045
4147	736
4148	1502
4149	733
4150	749
4151	1594
4152	501
4153	1795
4154	1863
4155	434
4156	221
4157	687
4158	1171
4159	987
4160	1942
4160	1955
4161	1653
4162	340
4163	1713
4164	1520
4165	805
4166	584
4167	254
4168	1802
4169	151
4170	1740
4171	1534
4172	658
4172	1695
4173	1273
4173	1274
4174	1273
4174	1274
4175	1115
4176	1677
4177	1937
4178	105
4179	1632
4180	1637
4181	1829
4182	739
4183	109
4184	1360
4185	1912
4186	975
4187	1136
4188	1302
4189	819
4190	365
4190	793
4191	1941
4192	761
4193	1657
4194	1687
4195	30
4196	1589
4197	1826
4197	1896
4198	1073
4199	1688
4200	1367
4201	1785
4202	1685
4203	1379
4204	1910
4205	1595
4206	148
4207	1763
4208	148
4209	1836
4210	1620
4211	1653
4212	757
4213	7
4214	1310
4215	459
4215	1756
4216	1629
4217	1623
4218	1722
4219	326
4220	1615
4221	1576
4222	1504
4223	110
4224	110
4225	669
4226	1781
4227	573
4227	641
4228	1379
4228	1391
4229	734
4230	320
4231	1219
4231	1266
4231	1855
4232	1443
4233	996
4233	1090
4234	1860
4235	1720
4236	673
4237	836
4238	1125
4239	521
4240	1687
4241	95
4242	1163
4242	1958
4243	1445
4244	1890
4245	1911
4246	452
4247	696
4248	305
4249	1899
4250	1900
4251	1963
4252	294
4253	1805
4254	1692
4255	1056
4256	1719
4257	981
4258	1822
4259	664
4260	1672
4261	247
4262	257
4263	1878
4264	1830
4265	1605
4266	1982
4267	1709
4268	243
4269	1735
4270	1905
4271	1608
4272	1985
4273	1151
4274	1138
4275	1789
4276	1022
4277	1696
4278	1593
4279	1981
4280	1321
4281	943
4282	1228
4283	362
4284	282
4285	1235
4285	1964
4286	538
4287	711
4288	1765
4289	249
4290	404
4291	984
4291	1997
4292	1803
4293	1709
4294	1467
4295	1399
4296	1665
4297	54
4298	76
4299	1293
4300	1706
4301	1883
4302	1868
4303	1331
4304	113
4305	1135
4306	207
4307	751
4308	1875
4309	1334
4310	953
4311	532
4312	1566
4313	613
4314	381
4315	104
4316	1141
4317	1876
4318	702
4319	1413
4320	1420
4321	130
4322	1731
4323	1589
4324	1234
4325	1778
4326	625
4327	1998
4328	383
4329	1820
4330	1523
4331	1599
4332	1700
4333	810
4334	1962
4335	420
4336	943
4337	1064
4338	1082
4339	344
4340	743
4341	1692
4341	1736
4342	1218
4343	1592
4344	1806
4345	1887
4345	1888
4345	1889
4346	85
4347	1813
4348	1971
4349	1212
4349	1933
4350	151
4351	1738
4352	1088
4352	1757
4353	207
4354	1652
4355	1252
4356	1788
4357	409
4358	1823
4359	1805
4360	1364
4361	1551
4362	1797
4363	704
4364	201
4365	644
4366	689
4367	1915
4368	1864
4369	1367
4370	1904
4370	1909
4371	549
4372	911
4372	1611
4373	320
4374	1782
4375	1837
4376	1858
4377	1966
4378	1598
4379	1046
4380	1935
4381	25
4382	1628
4383	925
4384	1999
4385	1648
4386	552
4386	1703
4387	1976
4388	996
4388	1090
4389	300
4390	628
4391	127
4391	128
4392	1801
4393	797
4394	1771
4395	1613
4396	1993
4397	1523
4398	1636
4399	1058
4400	1827
4401	1180
4402	1690
4403	1646
4404	1907
4405	684
4406	1008
4407	1792
4408	639
4409	1996
4410	434
4411	250
4412	919
4412	1345
4413	14
4414	953
4415	1555
4416	1335
4417	1324
4418	1093
4419	1974
4420	1584
4421	1174
4422	1661
4423	43
4424	643
4425	1919
4426	544
4426	1587
4427	1936
4428	415
4429	1605
4430	1735
4431	27
4432	934
4433	1294
4434	207
4435	2001
4436	1926
4437	947
4438	1189
4439	2002
4440	956
4441	1923
4442	1832
4443	59
4444	1111
4445	903
4446	1820
4447	1618
4448	8
4449	1285
4450	1967
4451	1204
4452	1986
4453	104
4454	485
4455	1970
4456	1975
4457	1872
4458	603
4459	1508
4460	1329
4461	1978
4462	1885
4462	1895
4463	1101
4464	1995
4465	1117
4466	884
4467	1941
4468	1890
4469	924
4470	119
4471	105
4472	1960
4473	940
4474	1129
4475	1839
4476	1528
4477	1775
4478	1882
4479	30
4480	1143
4481	342
4482	299
4483	1055
4484	449
4485	295
4486	596
4487	1800
4488	415
4489	110
4490	1877
4491	1571
4492	54
4493	1978
4494	1588
4495	867
4496	159
4497	703
4498	380
4499	1916
